1 N0025 1 2
2 N0037 2 0
3 N0026 1 0
4 N0038 1 0
5 N0027 2 2
6 N0039 2 2
7 N0028 2 2
8 N0040 1 0
9 N0029 2 0
10 N0041 2 0
11 N0030 1 0
12 N0042 1 0
13 N0031 1 2
14 N0043 2 2
15 N0032 2 0
16 N0044 2 0
17 N0033 1 0
18 N0045 1 1
19 N0034 2 0
20 N0046 2 2
21 N0035 2 0
22 N0047 1 2
23 N0036 1 0
24 N0048 2 0
25 N0169 2 0
26 N0181 2 2
27 N0170 2 0
28 N0182 2 0
29 N0171 2 0
30 N0183 2 0
31 N0172 1 0
32 N0184 1 1
33 N0173 2 0
34 N0185 1 0
35 N0174 1 0
36 N0186 2 0
37 N0175 2 0
38 N0187 1 0
39 N0176 2 0
40 N0188 1 0
41 N0177 1 0
42 N0189 2 0
43 N0178 2 0
44 N0190 2 0
45 N0179 2 0
46 N0191 2 0
47 N0180 1 0
48 N0192 1 2
49 N0507 2 0
50 N0519 2 0
51 N0508 2 0
52 N0520 2 0
53 N0509 1 0
54 N0521 2 0
55 N0510 1 0
56 N0522 2 0
57 N0511 2 0
58 N0523 1 0
59 N0512 2 1
60 N0524 1 1
61 N0513 1 1
62 N0525 2 0
63 N0514 1 0
64 N0526 1 0
65 N0515 1 0
66 N0527 2 1
67 N0516 1 0
68 N0528 1 0
69 N0517 2 0
70 N0529 1 0
71 N0518 2 1
72 N0530 1 0
73 N0748 1 0
74 N0760 1 0
75 N0749 2 0
76 N0761 1 1
77 N0750 1 1
78 N0762 2 0
79 N0751 1 0
80 N0752 2 0
81 N0753 1 1
82 N0754 1 1
83 N0755 1 1
84 N0756 2 1
85 N0757 2 0
86 N0758 2 1
87 N0759 2 0
88 N0700 0 0
89 N0712 0 1
90 N0701 1 0
91 N0713 0 0
92 N0702 1 0
93 N0714 2 0
94 N0703 2 0
95 N0715 1 1
96 N0704 1 0
97 N0716 2 1
98 N0705 2 0
99 N0717 2 0
100 N0706 2 0
101 N0718 1 0
102 N0707 1 0
103 N0719 1 0
104 N0708 1 1
105 N0720 2 0
106 N0709 1 0
107 N0721 1 0
108 N0710 2 0
109 N0722 2 0
110 N0711 2 0
111 N0723 2 0
112 N0579 2 1
113 N0591 2 0
114 N0580 2 0
115 N0592 1 0
116 N0581 2 0
117 N0593 2 1
118 N0582 2 0
119 N0594 1 0
120 N0583 2 1
121 N0595 1 0
122 N0584 1 0
123 N0596 2 0
124 N0585 1 0
125 N0597 1 2
126 N0586 2 0
127 N0598 2 0
128 N0587 1 0
129 N0599 1 0
130 N0588 2 0
131 N0600 1 0
132 N0589 1 0
133 N0601 1 0
134 N0590 1 0
135 N0602 2 0
136 N0337 2 0
137 N0349 1 0
138 N0338 2 0
139 N0350 1 0
140 N0339 1 0
141 N0351 1 0
142 N0340 1 0
143 N0352 1 0
144 N0341 2 0
145 N0353 2 0
146 N0342 1 0
147 N0354 2 1
148 N0343 2 0
149 N0355 1 0
150 N0344 2 1
151 N0356 1 1
152 N0345 2 1
153 N0357 2 0
154 N0346 2 0
155 N0358 2 0
156 N0347 2 0
157 N0359 1 0
158 N0348 2 0
159 N0360 1 0
160 N0073 2 2
161 N0085 0 0
162 N0074 2 0
163 N0086 1 0
164 N0075 2 0
165 N0087 2 2
166 N0076 2 2
167 N0088 2 0
168 N0077 2 2
169 N0089 2 0
170 N0078 2 0
171 N0090 1 1
172 N0079 1 2
173 N0091 2 0
174 N0080 2 0
175 N0092 1 0
176 N0081 2 0
177 N0093 2 2
178 N0082 2 0
179 N0094 2 2
180 N0083 2 0
181 N0095 2 0
182 N0084 1 2
183 N0096 2 2
184 N0265 1 0
185 N0277 1 0
186 N0266 2 1
187 N0278 2 0
188 N0267 2 0
189 N0279 2 1
190 N0268 2 1
191 N0280 2 0
192 N0269 2 0
193 N0281 2 1
194 N0270 2 2
195 N0282 1 1
196 N0271 1 0
197 N0283 1 1
198 N0272 1 0
199 N0284 1 0
200 N0273 2 0
201 N0285 2 0
202 N0274 2 0
203 N0286 1 0
204 N0275 1 1
205 N0287 2 0
206 N0276 1 1
207 N0288 1 0
208 N0217 2 1
209 N0229 1 0
210 N0218 2 0
211 N0230 2 1
212 N0219 1 0
213 N0231 2 1
214 N0220 2 0
215 N0232 1 0
216 N0221 1 1
217 N0233 2 0
218 N0222 1 0
219 N0234 1 0
220 N0223 2 0
221 N0235 2 0
222 N0224 2 0
223 N0236 2 2
224 N0225 2 1
225 N0237 1 1
226 N0226 2 1
227 N0238 2 1
228 N0227 1 1
229 N0239 1 0
230 N0228 1 1
231 N0240 1 0
232 N0652 0 1
233 N0664 0 0
234 N0653 1 1
235 N0665 0 0
236 N0654 2 0
237 N0666 0 0
238 N0655 1 1
239 N0667 2 1
240 N0656 2 0
241 N0668 1 0
242 N0657 1 1
243 N0669 1 1
244 N0658 1 0
245 N0670 2 0
246 N0659 2 0
247 N0671 2 0
248 N0660 2 0
249 N0672 1 0
250 N0661 1 1
251 N0673 1 1
252 N0662 2 1
253 N0674 2 1
254 N0663 2 1
255 N0675 1 0
256 N0362 2 2
257 N0374 2 0
258 N0363 1 0
259 N0375 2 1
260 N0364 2 0
261 N0376 1 1
262 N0365 1 0
263 N0377 2 0
264 N0366 1 0
265 N0378 2 0
266 N0367 1 0
267 N0379 1 0
268 N0368 2 1
269 N0380 2 0
270 N0369 1 0
271 N0381 2 0
272 N0370 1 0
273 N0382 1 0
274 N0371 2 0
275 N0383 2 0
276 N0372 1 0
277 N0384 1 0
278 N0373 2 1
279 N0459 2 0
280 N0471 2 1
281 N0460 1 0
282 N0472 1 2
283 N0461 2 2
284 N0473 1 0
285 N0462 1 0
286 N0474 1 1
287 N0463 2 0
288 N0475 2 0
289 N0464 1 0
290 N0476 1 1
291 N0465 2 1
292 N0477 1 0
293 N0466 1 2
294 N0478 1 0
295 N0467 1 1
296 N0479 2 0
297 N0468 2 0
298 N0480 1 0
299 N0469 1 1
300 N0481 1 0
301 N0470 2 0
302 N0482 2 2
303 N0121 1 2
304 N0133 2 0
305 N0122 2 2
306 N0134 1 2
307 N0123 2 2
308 N0135 2 0
309 N0124 1 0
310 N0136 2 2
311 N0125 1 2
312 N0137 2 0
313 N0126 2 0
314 N0138 1 2
315 N0127 2 2
316 N0139 1 2
317 N0128 2 0
318 N0140 1 0
319 N0129 1 1
320 N0141 2 0
321 N0130 2 1
322 N0142 2 0
323 N0131 2 2
324 N0143 2 0
325 N0132 2 0
326 N0144 2 0
327 N0531 0 1
328 N0543 0 1
329 N0532 2 2
330 N0544 1 0
331 N0533 1 0
332 N0545 2 0
333 N0534 2 0
334 N0546 2 0
335 N0535 1 2
336 N0547 1 0
337 N0536 2 0
338 N0548 2 0
339 N0537 2 2
340 N0549 2 0
341 N0538 2 0
342 N0550 2 0
343 N0539 2 0
344 N0551 2 0
345 N0540 2 0
346 N0552 1 0
347 N0541 2 0
348 N0553 1 0
349 N0542 1 0
350 N0554 2 0
351 N0193 1 0
352 N0205 2 0
353 N0194 2 0
354 N0206 1 0
355 N0195 1 0
356 N0207 2 0
357 N0196 2 0
358 N0208 2 0
359 N0197 1 0
360 N0209 1 0
361 N0198 1 0
362 N0210 2 0
363 N0199 1 0
364 N0211 1 0
365 N0200 2 0
366 N0212 1 0
367 N0201 2 0
368 N0213 0 0
369 N0202 2 0
370 N0214 2 0
371 N0203 2 0
372 N0215 1 0
373 N0204 1 0
374 N0216 2 0
375 N0049 2 2
376 N0061 2 0
377 N0050 2 0
378 N0062 2 0
379 N0051 1 2
380 N0063 1 0
381 N0052 2 0
382 N0064 1 2
383 N0053 1 0
384 N0065 2 1
385 N0054 2 2
386 N0066 2 2
387 N0055 1 2
388 N0067 1 1
389 N0056 2 0
390 N0068 2 0
391 N0057 1 0
392 N0069 1 2
393 N0058 1 1
394 N0070 2 0
395 N0059 1 1
396 N0071 2 0
397 N0060 2 1
398 N0072 1 2
399 N0603 2 1
400 N0615 1 0
401 N0604 1 1
402 N0616 2 0
403 N0605 2 2
404 N0617 2 1
405 N0606 2 0
406 N0618 2 0
407 N0607 1 0
408 N0619 2 0
409 N0608 1 0
410 N0620 2 0
411 N0609 1 2
412 N0621 2 0
413 N0610 1 0
414 N0622 2 0
415 N0611 2 1
416 N0623 2 0
417 N0612 1 1
418 N0624 1 1
419 N0613 2 0
420 N0625 2 0
421 N0614 2 0
422 N0626 2 2
423 N0145 2 0
424 N0157 2 0
425 N0146 1 0
426 N0158 1 0
427 N0147 2 2
428 N0159 1 0
429 N0148 2 0
430 N0160 1 0
431 N0149 2 0
432 N0161 1 0
433 N0150 2 0
434 N0162 1 0
435 N0151 1 0
436 N0163 2 0
437 N0152 2 0
438 N0164 2 0
439 N0153 2 0
440 N0165 2 0
441 N0154 2 2
442 N0166 2 0
443 N0155 2 0
444 N0167 1 1
445 N0156 2 0
446 N0168 2 0
447 N0676 1 0
448 N0688 1 0
449 N0677 2 0
450 N0689 1 1
451 N0678 2 0
452 N0690 1 0
453 N0679 2 0
454 N0691 1 0
455 N0680 2 1
456 N0692 2 0
457 N0681 1 0
458 N0693 1 0
459 N0682 1 0
460 N0694 1 0
461 N0683 1 0
462 N0695 1 0
463 N0684 2 0
464 N0696 2 0
465 N0685 1 0
466 N0697 2 0
467 N0686 2 0
468 N0698 1 0
469 N0687 2 0
470 N0699 2 1
471 N0241 2 0
472 N0253 2 1
473 N0242 2 1
474 N0254 2 1
475 N0243 2 0
476 N0255 2 1
477 N0244 2 1
478 N0256 1 0
479 N0245 2 1
480 N0257 2 0
481 N0246 2 0
482 N0258 2 1
483 N0247 1 0
484 N0259 2 1
485 N0248 2 0
486 N0260 2 0
487 N0249 2 0
488 N0261 1 2
489 N0250 2 0
490 N0262 1 0
491 N0251 2 0
492 N0263 2 0
493 N0252 1 0
494 N0264 1 0
495 N0483 1 0
496 N0495 2 1
497 N0484 1 1
498 N0496 1 0
499 N0485 2 0
500 N0497 1 2
501 N0486 2 0
502 N0498 2 0
503 N0487 1 0
504 N0499 2 0
505 N0488 2 2
506 N0500 2 2
507 N0489 1 1
508 N0501 1 0
509 N0490 1 1
510 N0502 2 1
511 N0491 2 0
512 N0503 2 1
513 N0492 2 1
514 N0504 2 0
515 N0493 2 0
516 N0505 2 0
517 N0494 1 0
518 N0506 2 1
519 N0433 2 1
520 N0445 2 0
521 N0434 2 2
522 N0446 2 2
523 N0435 2 2
524 N0447 1 0
525 N0436 1 0
526 N0448 1 1
527 N0437 2 2
528 N0449 2 0
529 N0438 2 2
530 N0450 2 0
531 N0439 1 0
532 N0451 1 0
533 N0440 2 0
534 N0452 1 0
535 N0441 2 2
536 N0453 2 1
537 N0442 2 0
538 N0454 2 1
539 N0443 2 0
540 N0455 1 0
541 N0444 2 0
542 N0458 2 2
543 N0409 1 0
544 N0421 2 0
545 N0410 2 0
546 N0422 2 0
547 N0411 2 0
548 N0423 1 1
549 N0412 1 0
550 N0424 2 0
551 N0413 2 1
552 N0425 1 1
553 N0414 2 2
554 N0426 2 0
555 N0415 1 0
556 N0427 2 0
557 N0416 2 2
558 N0428 2 1
559 N0417 2 1
560 N0429 1 1
561 N0418 1 1
562 N0430 2 1
563 N0419 1 0
564 N0431 1 1
565 N0420 2 0
566 N0432 1 1
567 N0555 1 0
568 N0567 2 2
569 N0556 2 0
570 N0568 1 0
571 N0557 1 1
572 N0569 1 2
573 N0558 2 1
574 N0570 2 0
575 N0559 1 0
576 N0571 1 1
577 N0560 1 0
578 N0572 2 1
579 N0561 1 1
580 N0573 1 1
581 N0562 1 0
582 N0574 1 2
583 N0563 2 1
584 N0575 2 0
585 N0564 1 1
586 N0576 2 0
587 N0565 2 0
588 N0577 0 0
589 N0566 2 0
590 N0578 1 0
591 N0001 2 0
592 N0013 1 0
593 N0002 1 0
594 N0014 2 1
595 N0003 2 1
596 N0015 1 2
597 N0004 2 0
598 N0016 2 0
599 N0005 2 0
600 N0017 1 2
601 N0006 2 0
602 N0018 1 2
603 N0007 1 0
604 N0019 1 0
605 N0008 2 2
606 N0020 2 0
607 N0009 2 0
608 N0021 2 2
609 N0010 2 0
610 N0022 1 0
611 N0011 2 0
612 N0023 2 0
613 N0012 1 2
614 N0024 1 1
615 N0289 2 0
616 N0301 1 0
617 N0290 2 1
618 N0302 2 0
619 N0291 2 0
620 N0303 2 0
621 N0292 2 0
622 N0304 1 0
623 N0293 1 0
624 N0305 2 0
625 N0294 2 1
626 N0306 2 0
627 N0295 2 1
628 N0307 2 0
629 N0296 2 1
630 N0308 1 1
631 N0297 2 1
632 N0309 2 1
633 N0298 1 0
634 N0310 1 1
635 N0299 1 0
636 N0311 2 1
637 N0300 1 0
638 N0312 2 0
639 N0313 2 0
640 N0325 1 0
641 N0314 1 1
642 N0326 2 0
643 N0315 2 1
644 N0327 1 0
645 N0316 2 1
646 N0328 2 1
647 N0317 1 1
648 N0329 2 1
649 N0318 1 0
650 N0330 2 0
651 N0319 2 0
652 N0331 1 1
653 N0320 1 0
654 N0332 1 0
655 N0321 1 1
656 N0333 1 0
657 N0322 2 0
658 N0334 2 0
659 N0323 1 1
660 N0335 1 0
661 N0324 1 1
662 N0336 2 0
663 N0627 1 1
664 N0639 2 1
665 N0628 2 1
666 N0640 2 0
667 N0629 1 1
668 N0641 1 1
669 N0630 2 0
670 N0642 1 2
671 N0631 2 0
672 N0643 1 0
673 N0632 1 0
674 N0644 1 0
675 N0633 2 0
676 N0645 1 0
677 N0634 1 0
678 N0647 2 1
679 N0635 1 0
680 N0648 1 0
681 N0636 1 1
682 N0649 1 1
683 N0637 1 1
684 N0650 2 1
685 N0638 1 0
686 N0651 2 0
687 N0097 2 2
688 N0109 2 0
689 N0098 1 0
690 N0110 2 0
691 N0099 2 0
692 N0111 2 0
693 N0100 2 0
694 N0112 1 0
695 N0101 1 2
696 N0113 2 2
697 N0102 1 2
698 N0114 2 0
699 N0103 1 1
700 N0115 2 2
701 N0104 1 1
702 N0116 2 2
703 N0105 2 0
704 N0117 2 0
705 N0106 2 2
706 N0118 2 1
707 N0107 2 2
708 N0119 1 1
709 N0108 2 2
710 N0120 1 0
711 N0724 1 0
712 N0736 1 0
713 N0725 2 0
714 N0737 1 1
715 N0726 2 0
716 N0738 2 0
717 N0727 2 0
718 N0739 1 2
719 N0728 1 0
720 N0740 1 0
721 N0729 2 0
722 N0741 2 0
723 N0730 2 0
724 N0742 2 0
725 N0731 1 0
726 N0743 2 0
727 N0732 2 0
728 N0744 1 0
729 N0733 1 0
730 N0745 2 0
731 N0734 1 0
732 N0746 2 1
733 N0735 1 0
734 N0747 2 1
735 N0385 2 0
736 N0397 2 0
737 N0386 1 1
738 N0398 2 0
739 N0387 1 1
740 N0399 2 0
741 N0388 1 0
742 N0400 1 0
743 N0389 2 1
744 N0401 2 0
745 N0390 2 1
746 N0402 2 2
747 N0391 2 0
748 N0403 2 1
749 N0392 2 0
750 N0404 1 1
751 N0393 2 0
752 N0405 2 0
753 N0394 2 0
754 N0406 1 1
755 N0395 1 0
756 N0407 1 1
757 N0396 1 2
758 N0408 1 1
